usman 03312444025 0 3 7 11 12 1 1 2 3 1
muneeb 03333148080 1 4 6 9 13 1 2 1 2 1
elisha 03002591322 2 5 8 10 12 1 2 3 4 1
hasan 03452591676 1 5 6 10 13 1 1 1 1 1
samad 03333571212 0 4 7 10 14 2 1 3 2 1
ahmed 03033571212 2 3 7 11 12 2 1 3 2 1
samar 03014571212 1 5 7 11 13 2 1 3 2 1
shayan 03236571212 0 5 6 9 12 2 1 3 2 1
hamza 03226571212 0 3 7 10 12 2 1 3 2 1
omar 03116571212 1 5 8 9 14 2 1 3 2 1
yusra 03006571112 1 4 7 9 12 2 1 3 2 1
haider 03006571212 2 3 6 10 14 2 1 3 2 1
sabir 03312444025 1 3 8 10 12 3 4 1 2 6
ali 03348289867 0 3 7 9 16 1 2 2 5 0
shahbaz 03312555024 16 16 16 11 16 0 0 0 3 0
sabir 03312444025 1 4 7 10 13 3 3 3 3 3
shahbaz 03312555024 0 16 16 16 16 300 0 0 0 0
farhat 03213331475 2 3 6 11 14 4 2 2 2 1
Rakhshanda 03343235556 1 4 6 16 16 3 2 2 0 0
Farhan 03002591383 2 16 8 11 16 2 0 2 2 0
yusra 03432348663 16 5 16 9 14 0 2 0 1 1
Usman 03312444025 1 4 16 9 16 2 5 0 2 0
jafri 03333112213 1 3 16 16 16 1 2 0 0 0